stim_06_001,1,1,0,0,1,0,1,0
stim_06_002,1,1,1,1,1,1,1,1
stim_06_003,1,1,1,1,1,1,1,1
stim_06_004,1,1,1,1,0,0,1,1
stim_06_005,0,1,0,0,0,0,0,0
stim_06_006,0,1,1,0,1,1,0,0
stim_06_007,1,1,1,1,1,0,1,1
stim_06_008,1,1,1,1,0,0,1,1
stim_06_009,1,0,0,0,1,0,1,1
stim_06_010,0,0,0,0,0,0,0,0
stim_06_011,1,1,0,0,1,1,0,1
stim_06_012,0,0,0,0,0,0,1,0
stim_06_013,1,1,1,0,1,1,1,1
stim_06_014,1,1,1,1,1,1,1,1
stim_06_015,1,1,0,1,1,1,1,1
stim_06_016,0,0,0,0,1,0,1,0
stim_06_017,1,0,0,1,1,1,1,1
stim_06_018,1,1,1,1,1,1,1,1
stim_06_019,0,1,1,1,0,1,1,1
stim_06_020,1,1,0,0,1,0,1,1
stim_06_021,0,1,0,0,1,0,1,0
stim_06_022,1,1,1,1,1,1,1,1
stim_06_023,1,0,1,1,1,1,1,1
stim_06_024,1,1,1,1,1,1,1,1
stim_06_025,0,1,0,0,1,0,1,0
stim_06_026,1,1,1,1,0,1,0,1
stim_06_027,1,1,1,1,1,0,1,1
stim_06_028,1,1,1,1,1,1,1,1
stim_06_029,1,1,1,1,1,1,1,1
stim_06_030,0,0,0,0,0,0,1,0
stim_06_031,0,1,1,1,0,0,0,0
stim_06_032,0,0,0,0,0,0,1,1
stim_06_033,1,1,1,0,1,1,1,1
stim_06_034,0,1,1,1,1,1,1,1
stim_06_035,0,0,0,0,0,0,0,0
stim_06_036,0,1,0,0,0,1,0,0
stim_06_037,0,1,0,0,1,1,0,0
stim_06_038,0,0,0,0,0,0,1,0
stim_06_039,0,1,0,0,0,1,1,1
stim_06_040,0,0,0,0,1,0,1,0
stim_06_041,0,0,0,0,0,0,0,0
stim_06_042,1,1,1,1,1,1,1,1
stim_06_043,1,1,1,1,1,1,1,1
stim_06_044,1,1,1,0,1,0,1,1
stim_06_045,1,0,1,1,1,1,1,1
stim_06_046,1,1,1,1,1,0,0,1
stim_06_047,0,0,1,0,0,0,1,0
stim_06_048,0,0,0,1,0,0,1,0
stim_06_049,1,1,1,1,1,1,1,1
stim_06_050,1,0,0,0,0,0,0,0
stim_07_001,0,1,0,1,1,1,1,1
stim_07_002,0,0,0,1,0,0,0,0
stim_07_003,1,0,0,0,0,0,1,1
stim_07_004,1,1,0,1,1,1,1,1
stim_07_005,0,0,0,0,0,0,0,0
stim_07_006,0,1,0,0,1,1,0,0
stim_07_007,1,1,1,1,1,1,1,1
stim_07_008,1,1,1,0,1,1,1,1
stim_07_009,1,0,0,1,0,0,0,0
stim_07_010,0,0,0,0,0,0,0,1
stim_07_011,0,1,1,0,0,1,1,0
stim_07_012,1,1,1,1,1,0,1,1
stim_07_013,0,0,0,1,0,0,0,1
stim_07_014,1,1,1,1,1,1,1,1
stim_07_015,1,1,0,1,1,0,1,1
stim_07_016,1,1,1,1,1,1,1,1
stim_07_017,1,0,0,0,0,1,1,0
stim_07_018,0,1,1,0,1,1,1,1
stim_07_019,0,0,0,0,1,1,1,1
stim_07_020,0,0,1,1,0,0,1,0
stim_07_021,1,1,1,0,1,1,1,1
stim_07_022,1,1,1,1,1,1,1,1
stim_07_023,0,1,1,0,0,1,1,1
stim_07_024,1,1,1,0,0,0,0,1
stim_07_025,0,0,1,1,1,1,1,1
stim_07_026,1,1,1,1,1,1,1,1
stim_07_027,1,1,0,0,0,0,1,1
stim_07_028,1,1,1,1,1,0,1,1
stim_07_029,0,0,0,0,0,0,1,1
stim_07_030,0,1,0,0,0,1,0,1
stim_07_031,0,0,0,0,1,0,0,0
stim_07_032,1,1,0,1,1,1,1,0
stim_07_033,1,1,1,1,1,1,1,1
stim_07_034,0,0,0,0,0,1,0,1
stim_07_035,0,0,0,0,0,0,0,1
stim_07_036,0,1,1,0,1,0,1,0
stim_07_037,0,0,1,0,0,0,1,1
stim_07_038,1,0,1,1,0,1,1,0
stim_07_039,0,0,0,0,0,1,0,0
stim_07_040,1,1,1,0,1,1,1,1
stim_07_041,1,1,1,1,1,1,1,0
stim_07_042,1,1,0,1,1,1,1,1
stim_07_043,0,0,1,0,1,0,0,0
stim_07_044,0,0,0,0,0,0,1,0
stim_07_045,0,0,0,0,0,0,0,0
stim_07_046,1,1,1,1,1,1,1,1
stim_07_047,1,1,1,0,1,1,1,0
stim_07_048,0,1,0,0,0,1,1,1
stim_07_049,0,0,0,0,0,0,0,0
stim_07_050,1,0,0,0,1,0,1,0
stim_08_001,1,1,1,1,1,0,1,1
stim_08_002,1,0,1,0,1,0,1,0
stim_08_003,0,1,0,0,0,0,0,0
stim_08_004,0,0,1,0,1,1,1,0
stim_08_005,0,0,0,0,0,0,0,0
stim_08_006,1,0,0,0,0,0,1,0
stim_08_007,1,1,1,1,1,1,1,1
stim_08_008,0,1,0,1,0,0,0,0
stim_08_009,1,0,1,1,1,1,1,1
stim_08_010,1,1,1,1,1,0,1,1
stim_08_011,1,0,1,0,0,0,1,0
stim_08_012,1,0,1,0,1,0,1,1
stim_08_013,1,1,1,1,1,0,1,1
stim_08_014,1,1,1,1,1,1,1,1
stim_08_015,1,1,1,1,1,0,1,1
stim_08_016,0,0,0,0,1,0,1,0
stim_08_017,1,1,1,1,1,0,1,1
stim_08_018,1,1,1,1,1,1,1,1
stim_08_019,0,1,0,0,0,1,0,0
stim_08_020,0,0,0,0,1,0,0,0
stim_08_021,1,0,0,0,1,0,0,0
stim_08_022,1,1,1,1,1,1,1,1
stim_08_023,1,1,1,0,1,1,1,1
stim_08_024,1,1,1,1,1,1,1,1
stim_08_025,1,1,0,1,0,1,1,1
stim_08_026,1,1,1,1,1,0,1,1
stim_08_027,1,1,0,0,1,0,1,0
stim_08_028,0,0,0,1,1,1,1,1
stim_08_029,1,1,1,1,1,1,1,1
stim_08_030,0,1,0,0,1,0,1,0
stim_08_031,0,1,1,1,0,1,0,1
stim_08_032,0,1,0,0,0,1,1,1
stim_08_033,1,1,1,1,1,1,1,1
stim_08_034,1,1,1,1,1,1,1,1
stim_08_035,0,1,0,0,1,0,1,0
stim_08_036,0,1,0,0,1,0,0,1
stim_08_037,1,1,1,1,1,1,1,1
stim_08_038,0,0,0,0,0,0,1,0
stim_08_039,1,0,1,0,0,0,0,0
stim_08_040,1,1,1,1,1,1,1,1
stim_08_041,0,1,0,1,1,0,1,0
stim_08_042,1,1,1,0,0,0,1,1
stim_08_043,1,0,1,0,0,0,0,0
stim_08_044,0,0,0,0,0,1,0,1
stim_08_045,1,1,1,0,1,0,1,1
stim_08_046,1,1,1,1,1,1,1,1
stim_08_047,1,1,1,1,1,0,1,1
stim_08_048,1,1,0,0,1,0,1,1
stim_08_049,1,1,1,1,1,0,1,1
stim_08_050,1,1,1,1,1,0,0,0
stim_09_001,1,1,1,1,1,1,1,1
stim_09_002,1,1,1,0,1,0,0,0
stim_09_003,1,1,1,0,1,1,1,0
stim_09_004,0,1,0,0,1,0,1,1
stim_09_005,1,1,1,1,1,1,1,1
stim_09_006,1,1,0,0,0,0,0,0
stim_09_007,0,0,0,1,0,0,0,1
stim_09_008,1,1,0,0,0,1,0,1
stim_09_009,0,0,0,0,0,0,0,0
stim_09_010,0,0,0,0,1,0,1,1
stim_09_011,1,1,1,1,1,1,1,1
stim_09_012,0,1,0,0,0,0,1,0
stim_09_013,1,1,1,1,1,1,1,1
stim_09_014,0,1,1,0,0,0,1,0
stim_09_015,1,1,1,1,1,1,1,1
stim_09_016,1,0,0,0,0,0,0,1
stim_09_017,0,0,0,0,0,0,0,0
stim_09_018,0,0,1,0,0,0,0,0
stim_09_019,0,0,0,0,0,0,1,0
stim_09_020,1,1,1,1,1,0,1,1
stim_09_021,0,0,0,0,0,0,0,0
stim_09_022,0,1,0,0,0,1,0,0
stim_09_023,1,1,0,1,0,1,1,1
stim_09_024,0,1,0,0,1,0,1,0
stim_09_025,1,1,1,1,0,0,1,1
stim_09_026,1,1,1,0,1,1,1,1
stim_09_027,1,1,1,1,1,1,1,1
stim_09_028,1,1,1,1,1,1,1,1
stim_09_029,1,0,1,0,1,0,1,1
stim_09_030,1,0,0,0,1,0,1,1
stim_09_031,0,0,0,1,0,0,0,0
stim_09_032,1,1,1,1,1,1,1,1
stim_09_033,1,1,1,1,1,1,1,1
stim_09_034,0,0,0,0,1,0,1,0
stim_09_035,0,1,1,1,1,1,1,1
stim_09_036,1,1,1,1,1,1,1,1
stim_09_037,0,1,1,0,0,1,1,0
stim_09_038,0,1,0,0,1,0,1,1
stim_09_039,0,1,0,0,0,0,0,0
stim_09_040,0,0,0,0,0,0,1,1
stim_09_041,1,1,1,1,1,1,1,1
stim_09_042,0,0,0,0,0,1,0,0
stim_09_043,0,1,1,1,1,0,0,1
stim_09_044,1,1,1,1,1,1,1,1
stim_09_045,1,1,1,1,1,1,1,1
stim_09_046,0,1,0,0,1,0,0,0
stim_09_047,1,0,0,0,1,1,0,0
stim_09_048,1,1,1,1,1,1,1,1
stim_09_049,1,1,1,1,1,1,1,1
stim_09_050,1,1,0,0,1,0,1,1
stim_10_001,1,1,1,1,0,1,1,1
stim_10_002,0,0,0,0,0,1,0,0
stim_10_003,0,0,0,0,0,0,0,0
stim_10_004,1,1,0,0,1,1,1,1
stim_10_005,0,0,1,0,0,0,0,0
stim_10_006,1,0,0,1,1,1,1,1
stim_10_007,0,1,0,1,1,0,1,1
stim_10_008,1,1,1,1,1,1,1,1
stim_10_009,1,1,0,0,1,1,1,1
stim_10_010,0,1,1,0,1,1,0,0
stim_10_011,1,1,0,1,1,1,1,1
stim_10_012,1,1,1,1,1,1,1,1
stim_10_013,1,1,1,1,1,1,1,1
stim_10_014,1,1,1,1,1,0,1,1
stim_10_015,1,1,1,1,1,1,1,1
stim_10_016,1,1,1,1,1,1,1,1
stim_10_017,1,0,0,0,0,0,1,0
stim_10_018,1,1,0,0,0,0,1,0
stim_10_019,0,1,0,0,0,0,0,0
stim_10_020,1,0,0,0,1,1,0,1
stim_10_021,1,1,1,1,1,0,1,1
stim_10_022,1,1,1,1,1,1,1,1
stim_10_023,0,1,1,0,1,1,1,1
stim_10_024,0,0,1,0,0,0,0,0
stim_10_025,1,1,1,1,1,1,1,0
stim_10_026,0,0,0,1,1,0,0,1
stim_10_027,1,0,0,0,0,0,0,0
stim_10_028,1,1,1,1,1,1,1,1
stim_10_029,1,1,1,1,1,1,1,1
stim_10_030,1,1,1,1,1,1,1,1
stim_10_031,0,1,1,0,1,0,1,1
stim_10_032,0,0,1,0,0,1,1,1
stim_10_033,1,1,1,0,1,1,1,1
stim_10_034,1,1,1,0,0,0,0,1
stim_10_035,1,1,1,1,0,1,0,1
stim_10_036,1,1,1,1,0,0,1,1
stim_10_037,1,1,1,1,1,1,1,1
stim_10_038,0,0,0,0,0,1,0,0
stim_10_039,1,1,1,0,1,1,0,0
stim_10_040,1,1,0,1,1,0,1,1
stim_10_041,1,1,1,1,1,1,1,1
stim_10_042,1,1,1,1,1,1,1,1
stim_10_043,0,1,1,1,1,1,1,0
stim_10_044,0,0,0,0,1,0,0,0
stim_10_045,0,0,0,0,0,0,1,1
stim_10_046,0,0,1,0,1,1,1,1
stim_10_047,0,1,0,1,1,1,1,0
stim_10_048,1,1,1,0,1,1,0,0
stim_10_049,1,1,1,1,1,1,1,1
stim_10_050,0,0,0,1,0,0,0,0
stim_11_001,0,1,1,0,1,0,1,1
stim_11_002,0,1,0,0,1,0,0,1
stim_11_003,1,1,1,0,0,0,1,1
stim_11_004,0,0,0,1,0,0,0,0
stim_11_005,0,0,0,0,0,0,1,0
stim_11_006,0,1,0,1,1,0,1,1
stim_11_007,0,0,0,0,0,0,1,1
stim_11_008,0,0,1,1,1,1,1,0
stim_11_009,0,1,0,1,1,0,1,0
stim_11_010,1,1,1,1,1,1,1,1
stim_11_011,0,1,1,1,0,1,0,1
stim_11_012,1,0,0,0,0,0,1,1
stim_11_013,1,1,0,1,1,1,1,1
stim_11_014,1,1,1,1,0,1,1,1
stim_11_015,1,1,1,1,1,0,1,0
stim_11_016,0,0,0,0,1,0,0,0
stim_11_017,0,0,1,0,1,0,1,0
stim_11_018,0,0,0,0,0,0,0,0
stim_11_019,0,0,0,0,0,0,1,0
stim_11_020,0,0,1,0,1,1,0,1
stim_11_021,1,1,0,1,0,1,0,0
stim_11_022,1,1,0,0,1,1,1,0
stim_11_023,1,1,1,1,1,1,1,1
stim_11_024,0,0,0,0,1,1,0,0
stim_11_025,0,0,1,1,1,0,1,0
stim_11_026,1,1,1,1,1,1,1,1
stim_11_027,0,1,1,0,0,0,0,0
stim_11_028,1,0,0,1,1,0,1,0
stim_11_029,1,1,1,1,1,1,1,1
stim_11_030,0,0,1,0,0,0,0,1
stim_11_031,1,1,1,1,1,1,1,1
stim_11_032,1,1,1,0,1,0,1,0
stim_11_033,1,1,1,0,1,0,0,0
stim_11_034,1,1,1,1,1,1,1,1
stim_11_035,1,1,1,1,1,1,1,1
stim_11_036,0,0,0,0,0,1,1,0
stim_11_037,1,1,0,1,1,0,1,1
stim_11_038,1,1,1,0,1,1,1,1
stim_11_039,0,1,1,0,0,1,0,0
stim_11_040,1,1,1,1,1,1,1,1
stim_11_041,0,0,0,0,0,0,1,1
stim_11_042,0,0,0,0,0,0,0,0
stim_11_043,1,1,1,1,1,1,1,1
stim_11_044,0,1,0,0,0,1,1,1
stim_11_045,0,0,0,1,1,0,1,0
stim_11_046,1,1,1,1,1,1,1,1
stim_11_047,0,1,0,0,1,1,1,0
stim_11_048,0,0,0,0,0,0,1,0
stim_11_049,0,0,0,0,0,0,0,0
stim_11_050,0,0,1,0,0,0,1,0
stim_12_001,1,1,1,1,1,1,1,0
stim_12_002,1,1,1,1,1,1,1,1
stim_12_003,0,0,1,0,0,1,0,1
stim_12_004,0,0,0,0,0,0,0,0
stim_12_005,1,1,1,1,1,1,1,1
stim_12_006,0,0,0,0,1,0,1,1
stim_12_007,0,1,1,0,1,0,1,0
stim_12_008,1,0,0,0,0,0,0,1
stim_12_009,0,1,0,0,1,0,1,0
stim_12_010,1,1,1,0,0,1,0,0
stim_12_011,1,1,0,0,0,0,1,0
stim_12_012,1,1,1,1,1,1,1,1
stim_12_013,0,1,1,1,1,1,1,1
stim_12_014,1,1,0,1,1,1,0,1
stim_12_015,0,0,1,0,1,1,1,0
stim_12_016,0,0,0,0,0,0,0,0
stim_12_017,0,0,0,1,0,0,0,1
stim_12_018,1,1,1,1,1,1,1,1
stim_12_019,1,0,1,0,0,0,1,0
stim_12_020,0,0,0,0,0,0,1,0
stim_12_021,1,0,1,0,1,1,1,0
stim_12_022,1,1,0,0,1,0,1,1
stim_12_023,1,1,1,1,1,1,1,1
stim_12_024,0,0,1,0,0,1,1,1
stim_12_025,1,0,0,0,0,0,1,1
stim_12_026,1,1,1,0,1,0,1,1
stim_12_027,0,1,1,0,1,1,1,0
stim_12_028,1,1,1,1,1,1,1,1
stim_12_029,1,1,1,1,1,0,1,1
stim_12_030,0,0,0,0,0,1,0,1
stim_12_031,1,1,1,1,1,1,1,1
stim_12_032,1,0,0,0,0,1,1,1
stim_12_033,1,1,0,1,1,1,1,1
stim_12_034,1,1,1,0,1,1,1,1
stim_12_035,1,0,0,1,1,1,1,1
stim_12_036,0,0,0,0,0,1,0,0
stim_12_037,1,1,1,1,1,1,1,1
stim_12_038,1,1,1,1,1,1,1,1
stim_12_039,1,1,1,1,1,1,1,1
stim_12_040,0,1,0,0,1,1,0,0
stim_12_041,1,1,1,1,0,1,1,1
stim_12_042,1,1,1,1,1,1,1,1
stim_12_043,1,1,1,0,1,0,1,1
stim_12_044,1,1,1,1,1,1,1,1
stim_12_045,0,1,0,0,0,0,1,0
stim_12_046,1,1,1,1,1,1,1,1
stim_12_047,0,0,0,0,0,0,0,0
stim_12_048,1,1,1,1,1,1,1,1
stim_12_049,1,1,1,1,0,0,1,1
stim_12_050,1,1,0,0,1,0,0,0
stim_13_001,1,1,1,1,0,1,1,1
stim_13_002,1,1,1,1,1,1,1,1
stim_13_003,1,1,1,1,1,1,1,1
stim_13_004,0,0,0,0,0,1,0,0
stim_13_005,1,1,1,1,1,1,1,1
stim_13_006,0,1,1,0,1,1,1,0
stim_13_007,1,1,0,0,1,1,1,1
stim_13_008,1,1,1,1,1,1,1,1
stim_13_009,1,1,1,1,1,1,1,1
stim_13_010,0,1,0,0,1,0,0,0
stim_13_011,0,1,0,0,0,0,1,0
stim_13_012,1,1,1,1,1,1,1,1
stim_13_013,0,0,0,0,0,1,0,1
stim_13_014,0,1,1,1,0,1,1,1
stim_13_015,1,1,1,0,0,0,1,0
stim_13_016,1,1,1,1,1,1,1,1
stim_13_017,1,1,1,0,1,0,0,0
stim_13_018,1,1,1,1,1,1,1,1
stim_13_019,1,1,1,1,1,1,1,1
stim_13_020,1,1,1,1,1,1,0,0
stim_13_021,0,0,0,0,0,1,0,0
stim_13_022,0,0,0,0,0,0,1,0
stim_13_023,0,0,1,0,1,0,0,1
stim_13_024,1,1,1,0,1,1,1,1
stim_13_025,1,1,1,1,1,1,1,1
stim_13_026,1,1,1,1,1,1,1,1
stim_13_027,0,0,1,0,0,0,0,1
stim_13_028,1,1,1,1,0,1,1,1
stim_13_029,1,1,0,1,1,1,1,0
stim_13_030,1,1,1,1,1,0,1,1
stim_13_031,1,1,1,1,1,0,1,1
stim_13_032,0,0,0,0,0,1,1,0
stim_13_033,1,1,1,1,1,1,1,1
stim_13_034,0,1,1,0,0,0,0,0
stim_13_035,1,0,0,0,0,0,0,0
stim_13_036,1,1,0,1,1,1,1,1
stim_13_037,0,0,1,0,0,0,1,1
stim_13_038,0,0,0,0,0,0,0,0
stim_13_039,1,1,1,1,1,1,1,1
stim_13_040,1,1,1,1,1,1,1,1
stim_13_041,0,1,0,0,0,0,1,1
stim_13_042,1,1,1,0,0,1,1,1
stim_13_043,0,1,0,1,0,1,1,0
stim_13_044,1,1,1,0,1,1,0,1
stim_13_045,1,1,1,1,1,1,1,1
stim_13_046,1,1,1,1,0,0,0,0
stim_13_047,1,1,0,0,0,1,1,1
stim_13_048,1,0,0,0,0,0,1,1
stim_13_049,1,1,1,1,1,1,1,1
stim_13_050,1,0,0,0,1,0,1,1
stim_14_001,0,0,0,0,0,0,0,0
stim_14_002,1,1,1,1,1,1,1,1
stim_14_003,0,0,1,0,1,0,1,1
stim_14_004,1,1,1,1,1,0,1,1
stim_14_005,1,1,0,0,0,1,1,1
stim_14_006,0,1,0,0,1,0,1,0
stim_14_007,0,0,0,0,0,0,0,0
stim_14_008,0,1,0,1,0,0,1,0
stim_14_009,1,1,0,0,0,0,1,1
stim_14_010,0,1,0,0,1,1,1,0
stim_14_011,1,1,1,0,1,1,1,1
stim_14_012,1,1,1,1,1,1,1,1
stim_14_013,0,0,0,0,1,1,0,0
stim_14_014,1,1,1,1,1,1,1,1
stim_14_015,0,0,0,0,0,0,0,0
stim_14_016,0,0,0,0,0,0,1,0
stim_14_017,1,1,1,0,1,1,1,1
stim_14_018,1,1,1,1,1,1,1,1
stim_14_019,0,0,1,0,0,0,1,1
stim_14_020,1,1,1,1,1,0,1,0
stim_14_021,1,0,1,1,1,1,1,1
stim_14_022,1,1,0,1,1,0,0,0
stim_14_023,1,1,1,1,1,1,1,1
stim_14_024,1,1,1,1,1,1,1,1
stim_14_025,0,0,0,0,0,0,0,0
stim_14_026,1,1,1,1,1,1,1,1
stim_14_027,1,1,1,1,1,1,1,1
stim_14_028,1,1,1,1,1,1,1,1
stim_14_029,1,1,1,1,1,1,1,1
stim_14_030,0,1,1,1,1,1,1,1
stim_14_031,1,1,1,1,1,1,1,1
stim_14_032,0,0,0,0,0,0,0,0
stim_14_033,0,1,0,0,0,1,0,0
stim_14_034,0,1,1,0,0,1,1,1
stim_14_035,1,1,0,0,1,0,1,1
stim_14_036,0,0,0,1,1,1,1,1
stim_14_037,0,0,0,0,0,0,0,0
stim_14_038,1,1,1,1,1,1,1,1
stim_14_039,0,0,0,0,0,1,1,1
stim_14_040,1,1,0,0,0,0,0,0
stim_14_041,1,0,0,1,1,0,1,1
stim_14_042,0,1,0,0,1,1,1,0
stim_14_043,1,1,1,0,1,0,1,1
stim_14_044,1,1,1,1,1,1,1,1
stim_14_045,0,1,1,0,0,0,0,0
stim_14_046,0,1,0,0,1,0,1,0
stim_14_047,0,0,0,0,0,0,0,0
stim_14_048,1,1,1,1,0,1,1,1
stim_14_049,1,1,1,1,1,1,1,1
stim_14_050,1,1,1,1,0,1,1,1
stim_15_001,1,1,1,1,1,1,1,1
stim_15_002,0,0,0,0,0,0,1,0
stim_15_003,1,0,1,0,1,0,0,0
stim_15_004,0,0,0,0,0,1,1,1
stim_15_005,1,1,1,1,1,1,1,1
stim_15_006,0,0,0,0,0,0,1,0
stim_15_007,1,1,1,1,1,1,1,1
stim_15_008,0,1,1,1,1,1,1,1
stim_15_009,0,0,0,0,0,1,1,0
stim_15_010,0,0,0,0,0,0,0,0
stim_15_011,1,1,1,1,1,1,1,1
stim_15_012,1,1,1,1,1,1,1,1
stim_15_013,1,1,0,0,0,1,1,1
stim_15_014,1,1,1,1,0,1,1,1
stim_15_015,1,1,0,0,1,0,1,0
stim_15_016,1,0,0,0,0,0,0,1
stim_15_017,1,1,0,1,0,0,1,0
stim_15_018,1,1,1,1,1,1,1,1
stim_15_019,1,1,1,0,1,0,1,1
stim_15_020,1,0,0,0,0,0,0,1
stim_15_021,1,0,0,0,0,0,1,0
stim_15_022,0,1,1,0,0,0,1,0
stim_15_023,1,1,1,1,1,1,0,1
stim_15_024,0,0,0,0,0,1,1,0
stim_15_025,1,0,0,0,0,1,0,0
stim_15_026,0,1,0,0,0,0,1,0
stim_15_027,1,1,1,1,1,1,1,0
stim_15_028,0,0,0,0,0,0,0,0
stim_15_029,0,1,0,0,0,0,0,0
stim_15_030,0,1,0,1,0,0,0,0
stim_15_031,1,0,0,0,0,0,0,0
stim_15_032,1,1,1,1,1,1,1,1
stim_15_033,1,1,1,1,1,1,1,1
stim_15_034,1,1,1,1,1,1,1,0
stim_15_035,1,1,1,0,1,0,1,1
stim_15_036,0,0,0,0,0,0,0,0
stim_15_037,1,1,1,1,1,1,1,0
stim_15_038,1,1,1,1,1,1,0,1
stim_15_039,1,1,1,1,1,1,1,1
stim_15_040,1,0,0,0,1,0,1,0
stim_15_041,0,1,1,0,0,1,0,0
stim_15_042,1,1,1,1,1,1,1,1
stim_15_043,1,1,0,1,1,1,1,1
stim_15_044,0,1,1,0,0,1,0,0
stim_15_045,0,1,0,0,0,0,0,0
stim_15_046,1,1,1,1,1,1,1,1
stim_15_047,0,1,1,1,1,0,1,1
stim_15_048,0,1,0,0,0,0,1,1
stim_15_049,0,0,0,0,0,0,0,0
stim_15_050,1,1,1,1,1,1,1,0
