stim06_001	06	001	1	1	0	0	1	0	1	0	4
stim06_002	06	002	1	1	1	1	1	1	1	1	8
stim06_003	06	003	1	1	1	1	1	1	1	1	8
stim06_004	06	004	1	1	1	1	0	0	1	1	6
stim06_005	06	005	0	1	0	0	0	0	0	0	1
stim06_006	06	006	0	1	1	0	1	1	0	0	4
stim06_007	06	007	1	1	1	1	1	0	1	1	7
stim06_008	06	008	1	1	1	1	0	0	1	1	6
stim06_009	06	009	1	0	0	0	1	0	1	1	4
stim06_010	06	010	0	0	0	0	0	0	0	0	0
stim06_011	06	011	1	1	0	0	1	1	0	1	5
stim06_012	06	012	0	0	0	0	0	0	1	0	1
stim06_013	06	013	1	1	1	0	1	1	1	1	7
stim06_014	06	014	1	1	1	1	1	1	1	1	8
stim06_015	06	015	1	1	0	1	1	1	1	1	7
stim06_016	06	016	0	0	0	0	1	0	1	0	2
stim06_017	06	017	1	0	0	1	1	1	1	1	6
stim06_018	06	018	1	1	1	1	1	1	1	1	8
stim06_019	06	019	0	1	1	1	0	1	1	1	6
stim06_020	06	020	1	1	0	0	1	0	1	1	5
stim06_021	06	021	0	1	0	0	1	0	1	0	3
stim06_022	06	022	1	1	1	1	1	1	1	1	8
stim06_023	06	023	1	0	1	1	1	1	1	1	7
stim06_024	06	024	1	1	1	1	1	1	1	1	8
stim06_025	06	025	0	1	0	0	1	0	1	0	3
stim06_026	06	026	1	1	1	1	0	1	0	1	6
stim06_027	06	027	1	1	1	1	1	0	1	1	7
stim06_028	06	028	1	1	1	1	1	1	1	1	8
stim06_029	06	029	1	1	1	1	1	1	1	1	8
stim06_030	06	030	0	0	0	0	0	0	1	0	1
stim06_031	06	031	0	1	1	1	0	0	0	0	3
stim06_032	06	032	0	0	0	0	0	0	1	1	2
stim06_033	06	033	1	1	1	0	1	1	1	1	7
stim06_034	06	034	0	1	1	1	1	1	1	1	7
stim06_035	06	035	0	0	0	0	0	0	0	0	0
stim06_036	06	036	0	1	0	0	0	1	0	0	2
stim06_037	06	037	0	1	0	0	1	1	0	0	3
stim06_038	06	038	0	0	0	0	0	0	1	0	1
stim06_039	06	039	0	1	0	0	0	1	1	1	4
stim06_040	06	040	0	0	0	0	1	0	1	0	2
stim06_041	06	041	0	0	0	0	0	0	0	0	0
stim06_042	06	042	1	1	1	1	1	1	1	1	8
stim06_043	06	043	1	1	1	1	1	1	1	1	8
stim06_044	06	044	1	1	1	0	1	0	1	1	6
stim06_045	06	045	1	0	1	1	1	1	1	1	7
stim06_046	06	046	1	1	1	1	1	0	0	1	6
stim06_047	06	047	0	0	1	0	0	0	1	0	2
stim06_048	06	048	0	0	0	1	0	0	1	0	2
stim06_049	06	049	1	1	1	1	1	1	1	1	8
stim06_050	06	050	1	0	0	0	0	0	0	0	1
stim07_001	07	001	0	1	0	1	1	1	1	1	6
stim07_002	07	002	0	0	0	1	0	0	0	0	1
stim07_003	07	003	1	0	0	0	0	0	1	1	3
stim07_004	07	004	1	1	0	1	1	1	1	1	7
stim07_005	07	005	0	0	0	0	0	0	0	0	0
stim07_006	07	006	0	1	0	0	1	1	0	0	3
stim07_007	07	007	1	1	1	1	1	1	1	1	8
stim07_008	07	008	1	1	1	0	1	1	1	1	7
stim07_009	07	009	1	0	0	1	0	0	0	0	2
stim07_010	07	010	0	0	0	0	0	0	0	1	1
stim07_011	07	011	0	1	1	0	0	1	1	0	4
stim07_012	07	012	1	1	1	1	1	0	1	1	7
stim07_013	07	013	0	0	0	1	0	0	0	1	2
stim07_014	07	014	1	1	1	1	1	1	1	1	8
stim07_015	07	015	1	1	0	1	1	0	1	1	6
stim07_016	07	016	1	1	1	1	1	1	1	1	8
stim07_017	07	017	1	0	0	0	0	1	1	0	3
stim07_018	07	018	0	1	1	0	1	1	1	1	6
stim07_019	07	019	0	0	0	0	1	1	1	1	4
stim07_020	07	020	0	0	1	1	0	0	1	0	3
stim07_021	07	021	1	1	1	0	1	1	1	1	7
stim07_022	07	022	1	1	1	1	1	1	1	1	8
stim07_023	07	023	0	1	1	0	0	1	1	1	5
stim07_024	07	024	1	1	1	0	0	0	0	1	4
stim07_025	07	025	0	0	1	1	1	1	1	1	6
stim07_026	07	026	1	1	1	1	1	1	1	1	8
stim07_027	07	027	1	1	0	0	0	0	1	1	4
stim07_028	07	028	1	1	1	1	1	0	1	1	7
stim07_029	07	029	0	0	0	0	0	0	1	1	2
stim07_030	07	030	0	1	0	0	0	1	0	1	3
stim07_031	07	031	0	0	0	0	1	0	0	0	1
stim07_032	07	032	1	1	0	1	1	1	1	0	6
stim07_033	07	033	1	1	1	1	1	1	1	1	8
stim07_034	07	034	0	0	0	0	0	1	0	1	2
stim07_035	07	035	0	0	0	0	0	0	0	1	1
stim07_036	07	036	0	1	1	0	1	0	1	0	4
stim07_037	07	037	0	0	1	0	0	0	1	1	3
stim07_038	07	038	1	0	1	1	0	1	1	0	5
stim07_039	07	039	0	0	0	0	0	1	0	0	1
stim07_040	07	040	1	1	1	0	1	1	1	1	7
stim07_041	07	041	1	1	1	1	1	1	1	0	7
stim07_042	07	042	1	1	0	1	1	1	1	1	7
stim07_043	07	043	0	0	1	0	1	0	0	0	2
stim07_044	07	044	0	0	0	0	0	0	1	0	1
stim07_045	07	045	0	0	0	0	0	0	0	0	0
stim07_046	07	046	1	1	1	1	1	1	1	1	8
stim07_047	07	047	1	1	1	0	1	1	1	0	6
stim07_048	07	048	0	1	0	0	0	1	1	1	4
stim07_049	07	049	0	0	0	0	0	0	0	0	0
stim07_050	07	050	1	0	0	0	1	0	1	0	3
stim08_001	08	001	1	1	1	1	1	0	1	1	7
stim08_002	08	002	1	0	1	0	1	0	1	0	4
stim08_003	08	003	0	1	0	0	0	0	0	0	1
stim08_004	08	004	0	0	1	0	1	1	1	0	4
stim08_005	08	005	0	0	0	0	0	0	0	0	0
stim08_006	08	006	1	0	0	0	0	0	1	0	2
stim08_007	08	007	1	1	1	1	1	1	1	1	8
stim08_008	08	008	0	1	0	1	0	0	0	0	2
stim08_009	08	009	1	0	1	1	1	1	1	1	7
stim08_010	08	010	1	1	1	1	1	0	1	1	7
stim08_011	08	011	1	0	1	0	0	0	1	0	3
stim08_012	08	012	1	0	1	0	1	0	1	1	5
stim08_013	08	013	1	1	1	1	1	0	1	1	7
stim08_014	08	014	1	1	1	1	1	1	1	1	8
stim08_015	08	015	1	1	1	1	1	0	1	1	7
stim08_016	08	016	0	0	0	0	1	0	1	0	2
stim08_017	08	017	1	1	1	1	1	0	1	1	7
stim08_018	08	018	1	1	1	1	1	1	1	1	8
stim08_019	08	019	0	1	0	0	0	1	0	0	2
stim08_020	08	020	0	0	0	0	1	0	0	0	1
stim08_021	08	021	1	0	0	0	1	0	0	0	2
stim08_022	08	022	1	1	1	1	1	1	1	1	8
stim08_023	08	023	1	1	1	0	1	1	1	1	7
stim08_024	08	024	1	1	1	1	1	1	1	1	8
stim08_025	08	025	1	1	0	1	0	1	1	1	6
stim08_026	08	026	1	1	1	1	1	0	1	1	7
stim08_027	08	027	1	1	0	0	1	0	1	0	4
stim08_028	08	028	0	0	0	1	1	1	1	1	5
stim08_029	08	029	1	1	1	1	1	1	1	1	8
stim08_030	08	030	0	1	0	0	1	0	1	0	3
stim08_031	08	031	0	1	1	1	0	1	0	1	5
stim08_032	08	032	0	1	0	0	0	1	1	1	4
stim08_033	08	033	1	1	1	1	1	1	1	1	8
stim08_034	08	034	1	1	1	1	1	1	1	1	8
stim08_035	08	035	0	1	0	0	1	0	1	0	3
stim08_036	08	036	0	1	0	0	1	0	0	1	3
stim08_037	08	037	1	1	1	1	1	1	1	1	8
stim08_038	08	038	0	0	0	0	0	0	1	0	1
stim08_039	08	039	1	0	1	0	0	0	0	0	2
stim08_040	08	040	1	1	1	1	1	1	1	1	8
stim08_041	08	041	0	1	0	1	1	0	1	0	4
stim08_042	08	042	1	1	1	0	0	0	1	1	5
stim08_043	08	043	1	0	1	0	0	0	0	0	2
stim08_044	08	044	0	0	0	0	0	1	0	1	2
stim08_045	08	045	1	1	1	0	1	0	1	1	6
stim08_046	08	046	1	1	1	1	1	1	1	1	8
stim08_047	08	047	1	1	1	1	1	0	1	1	7
stim08_048	08	048	1	1	0	0	1	0	1	1	5
stim08_049	08	049	1	1	1	1	1	0	1	1	7
stim08_050	08	050	1	1	1	1	1	0	0	0	5
stim09_001	09	001	1	1	1	1	1	1	1	1	8
stim09_002	09	002	1	1	1	0	1	0	0	0	4
stim09_003	09	003	1	1	1	0	1	1	1	0	6
stim09_004	09	004	0	1	0	0	1	0	1	1	4
stim09_005	09	005	1	1	1	1	1	1	1	1	8
stim09_006	09	006	1	1	0	0	0	0	0	0	2
stim09_007	09	007	0	0	0	1	0	0	0	1	2
stim09_008	09	008	1	1	0	0	0	1	0	1	4
stim09_009	09	009	0	0	0	0	0	0	0	0	0
stim09_010	09	010	0	0	0	0	1	0	1	1	3
stim09_011	09	011	1	1	1	1	1	1	1	1	8
stim09_012	09	012	0	1	0	0	0	0	1	0	2
stim09_013	09	013	1	1	1	1	1	1	1	1	8
stim09_014	09	014	0	1	1	0	0	0	1	0	3
stim09_015	09	015	1	1	1	1	1	1	1	1	8
stim09_016	09	016	1	0	0	0	0	0	0	1	2
stim09_017	09	017	0	0	0	0	0	0	0	0	0
stim09_018	09	018	0	0	1	0	0	0	0	0	1
stim09_019	09	019	0	0	0	0	0	0	1	0	1
stim09_020	09	020	1	1	1	1	1	0	1	1	7
stim09_021	09	021	0	0	0	0	0	0	0	0	0
stim09_022	09	022	0	1	0	0	0	1	0	0	2
stim09_023	09	023	1	1	0	1	0	1	1	1	6
stim09_024	09	024	0	1	0	0	1	0	1	0	3
stim09_025	09	025	1	1	1	1	0	0	1	1	6
stim09_026	09	026	1	1	1	0	1	1	1	1	7
stim09_027	09	027	1	1	1	1	1	1	1	1	8
stim09_028	09	028	1	1	1	1	1	1	1	1	8
stim09_029	09	029	1	0	1	0	1	0	1	1	5
stim09_030	09	030	1	0	0	0	1	0	1	1	4
stim09_031	09	031	0	0	0	1	0	0	0	0	1
stim09_032	09	032	1	1	1	1	1	1	1	1	8
stim09_033	09	033	1	1	1	1	1	1	1	1	8
stim09_034	09	034	0	0	0	0	1	0	1	0	2
stim09_035	09	035	0	1	1	1	1	1	1	1	7
stim09_036	09	036	1	1	1	1	1	1	1	1	8
stim09_037	09	037	0	1	1	0	0	1	1	0	4
stim09_038	09	038	0	1	0	0	1	0	1	1	4
stim09_039	09	039	0	1	0	0	0	0	0	0	1
stim09_040	09	040	0	0	0	0	0	0	1	1	2
stim09_041	09	041	1	1	1	1	1	1	1	1	8
stim09_042	09	042	0	0	0	0	0	1	0	0	1
stim09_043	09	043	0	1	1	1	1	0	0	1	5
stim09_044	09	044	1	1	1	1	1	1	1	1	8
stim09_045	09	045	1	1	1	1	1	1	1	1	8
stim09_046	09	046	0	1	0	0	1	0	0	0	2
stim09_047	09	047	1	0	0	0	1	1	0	0	3
stim09_048	09	048	1	1	1	1	1	1	1	1	8
stim09_049	09	049	1	1	1	1	1	1	1	1	8
stim09_050	09	050	1	1	0	0	1	0	1	1	5
stim10_001	10	001	1	1	1	1	0	1	1	1	7
stim10_002	10	002	0	0	0	0	0	1	0	0	1
stim10_003	10	003	0	0	0	0	0	0	0	0	0
stim10_004	10	004	1	1	0	0	1	1	1	1	6
stim10_005	10	005	0	0	1	0	0	0	0	0	1
stim10_006	10	006	1	0	0	1	1	1	1	1	6
stim10_007	10	007	0	1	0	1	1	0	1	1	5
stim10_008	10	008	1	1	1	1	1	1	1	1	8
stim10_009	10	009	1	1	0	0	1	1	1	1	6
stim10_010	10	010	0	1	1	0	1	1	0	0	4
stim10_011	10	011	1	1	0	1	1	1	1	1	7
stim10_012	10	012	1	1	1	1	1	1	1	1	8
stim10_013	10	013	1	1	1	1	1	1	1	1	8
stim10_014	10	014	1	1	1	1	1	0	1	1	7
stim10_015	10	015	1	1	1	1	1	1	1	1	8
stim10_016	10	016	1	1	1	1	1	1	1	1	8
stim10_017	10	017	1	0	0	0	0	0	1	0	2
stim10_018	10	018	1	1	0	0	0	0	1	0	3
stim10_019	10	019	0	1	0	0	0	0	0	0	1
stim10_020	10	020	1	0	0	0	1	1	0	1	4
stim10_021	10	021	1	1	1	1	1	0	1	1	7
stim10_022	10	022	1	1	1	1	1	1	1	1	8
stim10_023	10	023	0	1	1	0	1	1	1	1	6
stim10_024	10	024	0	0	1	0	0	0	0	0	1
stim10_025	10	025	1	1	1	1	1	1	1	0	7
stim10_026	10	026	0	0	0	1	1	0	0	1	3
stim10_027	10	027	1	0	0	0	0	0	0	0	1
stim10_028	10	028	1	1	1	1	1	1	1	1	8
stim10_029	10	029	1	1	1	1	1	1	1	1	8
stim10_030	10	030	1	1	1	1	1	1	1	1	8
stim10_031	10	031	0	1	1	0	1	0	1	1	5
stim10_032	10	032	0	0	1	0	0	1	1	1	4
stim10_033	10	033	1	1	1	0	1	1	1	1	7
stim10_034	10	034	1	1	1	0	0	0	0	1	4
stim10_035	10	035	1	1	1	1	0	1	0	1	6
stim10_036	10	036	1	1	1	1	0	0	1	1	6
stim10_037	10	037	1	1	1	1	1	1	1	1	8
stim10_038	10	038	0	0	0	0	0	1	0	0	1
stim10_039	10	039	1	1	1	0	1	1	0	0	5
stim10_040	10	040	1	1	0	1	1	0	1	1	6
stim10_041	10	041	1	1	1	1	1	1	1	1	8
stim10_042	10	042	1	1	1	1	1	1	1	1	8
stim10_043	10	043	0	1	1	1	1	1	1	0	6
stim10_044	10	044	0	0	0	0	1	0	0	0	1
stim10_045	10	045	0	0	0	0	0	0	1	1	2
stim10_046	10	046	0	0	1	0	1	1	1	1	5
stim10_047	10	047	0	1	0	1	1	1	1	0	5
stim10_048	10	048	1	1	1	0	1	1	0	0	5
stim10_049	10	049	1	1	1	1	1	1	1	1	8
stim10_050	10	050	0	0	0	1	0	0	0	0	1
stim11_001	11	001	0	1	1	0	1	0	1	1	5
stim11_002	11	002	0	1	0	0	1	0	0	1	3
stim11_003	11	003	1	1	1	0	0	0	1	1	5
stim11_004	11	004	0	0	0	1	0	0	0	0	1
stim11_005	11	005	0	0	0	0	0	0	1	0	1
stim11_006	11	006	0	1	0	1	1	0	1	1	5
stim11_007	11	007	0	0	0	0	0	0	1	1	2
stim11_008	11	008	0	0	1	1	1	1	1	0	5
stim11_009	11	009	0	1	0	1	1	0	1	0	4
stim11_010	11	010	1	1	1	1	1	1	1	1	8
stim11_011	11	011	0	1	1	1	0	1	0	1	5
stim11_012	11	012	1	0	0	0	0	0	1	1	3
stim11_013	11	013	1	1	0	1	1	1	1	1	7
stim11_014	11	014	1	1	1	1	0	1	1	1	7
stim11_015	11	015	1	1	1	1	1	0	1	0	6
stim11_016	11	016	0	0	0	0	1	0	0	0	1
stim11_017	11	017	0	0	1	0	1	0	1	0	3
stim11_018	11	018	0	0	0	0	0	0	0	0	0
stim11_019	11	019	0	0	0	0	0	0	1	0	1
stim11_020	11	020	0	0	1	0	1	1	0	1	4
stim11_021	11	021	1	1	0	1	0	1	0	0	4
stim11_022	11	022	1	1	0	0	1	1	1	0	5
stim11_023	11	023	1	1	1	1	1	1	1	1	8
stim11_024	11	024	0	0	0	0	1	1	0	0	2
stim11_025	11	025	0	0	1	1	1	0	1	0	4
stim11_026	11	026	1	1	1	1	1	1	1	1	8
stim11_027	11	027	0	1	1	0	0	0	0	0	2
stim11_028	11	028	1	0	0	1	1	0	1	0	4
stim11_029	11	029	1	1	1	1	1	1	1	1	8
stim11_030	11	030	0	0	1	0	0	0	0	1	2
stim11_031	11	031	1	1	1	1	1	1	1	1	8
stim11_032	11	032	1	1	1	0	1	0	1	0	5
stim11_033	11	033	1	1	1	0	1	0	0	0	4
stim11_034	11	034	1	1	1	1	1	1	1	1	8
stim11_035	11	035	1	1	1	1	1	1	1	1	8
stim11_036	11	036	0	0	0	0	0	1	1	0	2
stim11_037	11	037	1	1	0	1	1	0	1	1	6
stim11_038	11	038	1	1	1	0	1	1	1	1	7
stim11_039	11	039	0	1	1	0	0	1	0	0	3
stim11_040	11	040	1	1	1	1	1	1	1	1	8
stim11_041	11	041	0	0	0	0	0	0	1	1	2
stim11_042	11	042	0	0	0	0	0	0	0	0	0
stim11_043	11	043	1	1	1	1	1	1	1	1	8
stim11_044	11	044	0	1	0	0	0	1	1	1	4
stim11_045	11	045	0	0	0	1	1	0	1	0	3
stim11_046	11	046	1	1	1	1	1	1	1	1	8
stim11_047	11	047	0	1	0	0	1	1	1	0	4
stim11_048	11	048	0	0	0	0	0	0	1	0	1
stim11_049	11	049	0	0	0	0	0	0	0	0	0
stim11_050	11	050	0	0	1	0	0	0	1	0	2
stim12_001	12	001	1	1	1	1	1	1	1	0	7
stim12_002	12	002	1	1	1	1	1	1	1	1	8
stim12_003	12	003	0	0	1	0	0	1	0	1	3
stim12_004	12	004	0	0	0	0	0	0	0	0	0
stim12_005	12	005	1	1	1	1	1	1	1	1	8
stim12_006	12	006	0	0	0	0	1	0	1	1	3
stim12_007	12	007	0	1	1	0	1	0	1	0	4
stim12_008	12	008	1	0	0	0	0	0	0	1	2
stim12_009	12	009	0	1	0	0	1	0	1	0	3
stim12_010	12	010	1	1	1	0	0	1	0	0	4
stim12_011	12	011	1	1	0	0	0	0	1	0	3
stim12_012	12	012	1	1	1	1	1	1	1	1	8
stim12_013	12	013	0	1	1	1	1	1	1	1	7
stim12_014	12	014	1	1	0	1	1	1	0	1	6
stim12_015	12	015	0	0	1	0	1	1	1	0	4
stim12_016	12	016	0	0	0	0	0	0	0	0	0
stim12_017	12	017	0	0	0	1	0	0	0	1	2
stim12_018	12	018	1	1	1	1	1	1	1	1	8
stim12_019	12	019	1	0	1	0	0	0	1	0	3
stim12_020	12	020	0	0	0	0	0	0	1	0	1
stim12_021	12	021	1	0	1	0	1	1	1	0	5
stim12_022	12	022	1	1	0	0	1	0	1	1	5
stim12_023	12	023	1	1	1	1	1	1	1	1	8
stim12_024	12	024	0	0	1	0	0	1	1	1	4
stim12_025	12	025	1	0	0	0	0	0	1	1	3
stim12_026	12	026	1	1	1	0	1	0	1	1	6
stim12_027	12	027	0	1	1	0	1	1	1	0	5
stim12_028	12	028	1	1	1	1	1	1	1	1	8
stim12_029	12	029	1	1	1	1	1	0	1	1	7
stim12_030	12	030	0	0	0	0	0	1	0	1	2
stim12_031	12	031	1	1	1	1	1	1	1	1	8
stim12_032	12	032	1	0	0	0	0	1	1	1	4
stim12_033	12	033	1	1	0	1	1	1	1	1	7
stim12_034	12	034	1	1	1	0	1	1	1	1	7
stim12_035	12	035	1	0	0	1	1	1	1	1	6
stim12_036	12	036	0	0	0	0	0	1	0	0	1
stim12_037	12	037	1	1	1	1	1	1	1	1	8
stim12_038	12	038	1	1	1	1	1	1	1	1	8
stim12_039	12	039	1	1	1	1	1	1	1	1	8
stim12_040	12	040	0	1	0	0	1	1	0	0	3
stim12_041	12	041	1	1	1	1	0	1	1	1	7
stim12_042	12	042	1	1	1	1	1	1	1	1	8
stim12_043	12	043	1	1	1	0	1	0	1	1	6
stim12_044	12	044	1	1	1	1	1	1	1	1	8
stim12_045	12	045	0	1	0	0	0	0	1	0	2
stim12_046	12	046	1	1	1	1	1	1	1	1	8
stim12_047	12	047	0	0	0	0	0	0	0	0	0
stim12_048	12	048	1	1	1	1	1	1	1	1	8
stim12_049	12	049	1	1	1	1	0	0	1	1	6
stim12_050	12	050	1	1	0	0	1	0	0	0	3
stim13_001	13	001	1	1	1	1	0	1	1	1	7
stim13_002	13	002	1	1	1	1	1	1	1	1	8
stim13_003	13	003	1	1	1	1	1	1	1	1	8
stim13_004	13	004	0	0	0	0	0	1	0	0	1
stim13_005	13	005	1	1	1	1	1	1	1	1	8
stim13_006	13	006	0	1	1	0	1	1	1	0	5
stim13_007	13	007	1	1	0	0	1	1	1	1	6
stim13_008	13	008	1	1	1	1	1	1	1	1	8
stim13_009	13	009	1	1	1	1	1	1	1	1	8
stim13_010	13	010	0	1	0	0	1	0	0	0	2
stim13_011	13	011	0	1	0	0	0	0	1	0	2
stim13_012	13	012	1	1	1	1	1	1	1	1	8
stim13_013	13	013	0	0	0	0	0	1	0	1	2
stim13_014	13	014	0	1	1	1	0	1	1	1	6
stim13_015	13	015	1	1	1	0	0	0	1	0	4
stim13_016	13	016	1	1	1	1	1	1	1	1	8
stim13_017	13	017	1	1	1	0	1	0	0	0	4
stim13_018	13	018	1	1	1	1	1	1	1	1	8
stim13_019	13	019	1	1	1	1	1	1	1	1	8
stim13_020	13	020	1	1	1	1	1	1	0	0	6
stim13_021	13	021	0	0	0	0	0	1	0	0	1
stim13_022	13	022	0	0	0	0	0	0	1	0	1
stim13_023	13	023	0	0	1	0	1	0	0	1	3
stim13_024	13	024	1	1	1	0	1	1	1	1	7
stim13_025	13	025	1	1	1	1	1	1	1	1	8
stim13_026	13	026	1	1	1	1	1	1	1	1	8
stim13_027	13	027	0	0	1	0	0	0	0	1	2
stim13_028	13	028	1	1	1	1	0	1	1	1	7
stim13_029	13	029	1	1	0	1	1	1	1	0	6
stim13_030	13	030	1	1	1	1	1	0	1	1	7
stim13_031	13	031	1	1	1	1	1	0	1	1	7
stim13_032	13	032	0	0	0	0	0	1	1	0	2
stim13_033	13	033	1	1	1	1	1	1	1	1	8
stim13_034	13	034	0	1	1	0	0	0	0	0	2
stim13_035	13	035	1	0	0	0	0	0	0	0	1
stim13_036	13	036	1	1	0	1	1	1	1	1	7
stim13_037	13	037	0	0	1	0	0	0	1	1	3
stim13_038	13	038	0	0	0	0	0	0	0	0	0
stim13_039	13	039	1	1	1	1	1	1	1	1	8
stim13_040	13	040	1	1	1	1	1	1	1	1	8
stim13_041	13	041	0	1	0	0	0	0	1	1	3
stim13_042	13	042	1	1	1	0	0	1	1	1	6
stim13_043	13	043	0	1	0	1	0	1	1	0	4
stim13_044	13	044	1	1	1	0	1	1	0	1	6
stim13_045	13	045	1	1	1	1	1	1	1	1	8
stim13_046	13	046	1	1	1	1	0	0	0	0	4
stim13_047	13	047	1	1	0	0	0	1	1	1	5
stim13_048	13	048	1	0	0	0	0	0	1	1	3
stim13_049	13	049	1	1	1	1	1	1	1	1	8
stim13_050	13	050	1	0	0	0	1	0	1	1	4
stim14_001	14	001	0	0	0	0	0	0	0	0	0
stim14_002	14	002	1	1	1	1	1	1	1	1	8
stim14_003	14	003	0	0	1	0	1	0	1	1	4
stim14_004	14	004	1	1	1	1	1	0	1	1	7
stim14_005	14	005	1	1	0	0	0	1	1	1	5
stim14_006	14	006	0	1	0	0	1	0	1	0	3
stim14_007	14	007	0	0	0	0	0	0	0	0	0
stim14_008	14	008	0	1	0	1	0	0	1	0	3
stim14_009	14	009	1	1	0	0	0	0	1	1	4
stim14_010	14	010	0	1	0	0	1	1	1	0	4
stim14_011	14	011	1	1	1	0	1	1	1	1	7
stim14_012	14	012	1	1	1	1	1	1	1	1	8
stim14_013	14	013	0	0	0	0	1	1	0	0	2
stim14_014	14	014	1	1	1	1	1	1	1	1	8
stim14_015	14	015	0	0	0	0	0	0	0	0	0
stim14_016	14	016	0	0	0	0	0	0	1	0	1
stim14_017	14	017	1	1	1	0	1	1	1	1	7
stim14_018	14	018	1	1	1	1	1	1	1	1	8
stim14_019	14	019	0	0	1	0	0	0	1	1	3
stim14_020	14	020	1	1	1	1	1	0	1	0	6
stim14_021	14	021	1	0	1	1	1	1	1	1	7
stim14_022	14	022	1	1	0	1	1	0	0	0	4
stim14_023	14	023	1	1	1	1	1	1	1	1	8
stim14_024	14	024	1	1	1	1	1	1	1	1	8
stim14_025	14	025	0	0	0	0	0	0	0	0	0
stim14_026	14	026	1	1	1	1	1	1	1	1	8
stim14_027	14	027	1	1	1	1	1	1	1	1	8
stim14_028	14	028	1	1	1	1	1	1	1	1	8
stim14_029	14	029	1	1	1	1	1	1	1	1	8
stim14_030	14	030	0	1	1	1	1	1	1	1	7
stim14_031	14	031	1	1	1	1	1	1	1	1	8
stim14_032	14	032	0	0	0	0	0	0	0	0	0
stim14_033	14	033	0	1	0	0	0	1	0	0	2
stim14_034	14	034	0	1	1	0	0	1	1	1	5
stim14_035	14	035	1	1	0	0	1	0	1	1	5
stim14_036	14	036	0	0	0	1	1	1	1	1	5
stim14_037	14	037	0	0	0	0	0	0	0	0	0
stim14_038	14	038	1	1	1	1	1	1	1	1	8
stim14_039	14	039	0	0	0	0	0	1	1	1	3
stim14_040	14	040	1	1	0	0	0	0	0	0	2
stim14_041	14	041	1	0	0	1	1	0	1	1	5
stim14_042	14	042	0	1	0	0	1	1	1	0	4
stim14_043	14	043	1	1	1	0	1	0	1	1	6
stim14_044	14	044	1	1	1	1	1	1	1	1	8
stim14_045	14	045	0	1	1	0	0	0	0	0	2
stim14_046	14	046	0	1	0	0	1	0	1	0	3
stim14_047	14	047	0	0	0	0	0	0	0	0	0
stim14_048	14	048	1	1	1	1	0	1	1	1	7
stim14_049	14	049	1	1	1	1	1	1	1	1	8
stim14_050	14	050	1	1	1	1	0	1	1	1	7
stim15_001	15	001	1	1	1	1	1	1	1	1	8
stim15_002	15	002	0	0	0	0	0	0	1	0	1
stim15_003	15	003	1	0	1	0	1	0	0	0	3
stim15_004	15	004	0	0	0	0	0	1	1	1	3
stim15_005	15	005	1	1	1	1	1	1	1	1	8
stim15_006	15	006	0	0	0	0	0	0	1	0	1
stim15_007	15	007	1	1	1	1	1	1	1	1	8
stim15_008	15	008	0	1	1	1	1	1	1	1	7
stim15_009	15	009	0	0	0	0	0	1	1	0	2
stim15_010	15	010	0	0	0	0	0	0	0	0	0
stim15_011	15	011	1	1	1	1	1	1	1	1	8
stim15_012	15	012	1	1	1	1	1	1	1	1	8
stim15_013	15	013	1	1	0	0	0	1	1	1	5
stim15_014	15	014	1	1	1	1	0	1	1	1	7
stim15_015	15	015	1	1	0	0	1	0	1	0	4
stim15_016	15	016	1	0	0	0	0	0	0	1	2
stim15_017	15	017	1	1	0	1	0	0	1	0	4
stim15_018	15	018	1	1	1	1	1	1	1	1	8
stim15_019	15	019	1	1	1	0	1	0	1	1	6
stim15_020	15	020	1	0	0	0	0	0	0	1	2
stim15_021	15	021	1	0	0	0	0	0	1	0	2
stim15_022	15	022	0	1	1	0	0	0	1	0	3
stim15_023	15	023	1	1	1	1	1	1	0	1	7
stim15_024	15	024	0	0	0	0	0	1	1	0	2
stim15_025	15	025	1	0	0	0	0	1	0	0	2
stim15_026	15	026	0	1	0	0	0	0	1	0	2
stim15_027	15	027	1	1	1	1	1	1	1	0	7
stim15_028	15	028	0	0	0	0	0	0	0	0	0
stim15_029	15	029	0	1	0	0	0	0	0	0	1
stim15_030	15	030	0	1	0	1	0	0	0	0	2
stim15_031	15	031	1	0	0	0	0	0	0	0	1
stim15_032	15	032	1	1	1	1	1	1	1	1	8
stim15_033	15	033	1	1	1	1	1	1	1	1	8
stim15_034	15	034	1	1	1	1	1	1	1	0	7
stim15_035	15	035	1	1	1	0	1	0	1	1	6
stim15_036	15	036	0	0	0	0	0	0	0	0	0
stim15_037	15	037	1	1	1	1	1	1	1	0	7
stim15_038	15	038	1	1	1	1	1	1	0	1	7
stim15_039	15	039	1	1	1	1	1	1	1	1	8
stim15_040	15	040	1	0	0	0	1	0	1	0	3
stim15_041	15	041	0	1	1	0	0	1	0	0	3
stim15_042	15	042	1	1	1	1	1	1	1	1	8
stim15_043	15	043	1	1	0	1	1	1	1	1	7
stim15_044	15	044	0	1	1	0	0	1	0	0	3
stim15_045	15	045	0	1	0	0	0	0	0	0	1
stim15_046	15	046	1	1	1	1	1	1	1	1	8
stim15_047	15	047	0	1	1	1	1	0	1	1	6
stim15_048	15	048	0	1	0	0	0	0	1	1	3
stim15_049	15	049	0	0	0	0	0	0	0	0	0
stim15_050	15	050	1	1	1	1	1	1	1	0	7
